日期,股票代碼,年,股票收益分配,股票法定盈餘,股票除息交易日,員工股票股利額,員工股票股利總額,員工股票紅利佔總股本比例,員工股票股利比例,現金盈餘分配,現金法定盈餘,現金除息交易日,現金股利支付日,員工現金紅利總額,現金資本增加總數,現金增加認購利率,現金增加認購價,董事、監事報酬,參與分配股份總數,公告日期,公告時間
2018-07-16,2070,106年,0.0,0.0,,0.0,0.0,0.0,0.0,1.0,1.0,2018-07-10,2018-07-31,0.0,0.0,0.0,0.0,0.0,0.0,2018-06-25,11:11:54
